1.492
2.794
3.099
1.806
2.147
1.577
4.241
4.032
3.832
2.802
2.837
2.991
6.188
6.820
6.743
6.637
5.036
11.302
13.156
14.617
11.406
11.962
13.176
9.584
22.381
16.507
20.884
13.015
12.559
15.652
6.132
8.069
11.663
5.737
5.762
6.347
1.322
2.575
3.208
1.465
2.001
1.669
4.331
4.988
3.914
3.329
3.231
3.413
8.305
9.729
7.793
6.305
6.014
8.899
12.156
15.905
13.126
12.466
15.721
13.117
38.223
22.330
26.348
19.644
20.581
24.016
9.864
20.518
10.924
6.239
8.011
15.456
1.492
2.794
3.099
1.806
2.147
1.577
4.241
4.032
3.832
2.802
2.837
2.991
6.188
6.820
6.743
6.637
5.036
11.302
13.156
14.617
11.406
11.962
13.176
9.584
22.381
16.507
20.884
13.015
12.559
15.652
6.132
8.069
11.663
5.737
5.762
6.347
1.322
2.575
3.208
1.465
2.001
1.669
4.331
4.988
3.914
3.329
3.231
3.413
8.305
9.729
7.793
6.305
6.014
8.899
12.156
15.905
13.126
12.466
15.721
13.117
38.223
22.330
26.348
19.644
20.581
24.016
9.864
20.518
10.924
6.239
8.011
15.456
1.946
3.331
3.319
1.951
2.668
1.733
4.426
3.998
3.632
2.820
2.770
3.100
7.543
8.474
8.179
6.425
5.462
7.118
11.453
14.282
14.295
12.529
12.410
9.940
32.751
22.335
29.710
19.782
22.613
27.034
7.209
19.955
10.590
7.018
6.776
14.015
1.086
2.111
3.006
1.413
1.767
1.335
3.477
3.554
3.596
2.277
2.556
2.008
6.225
7.665
6.478
7.079
5.276
5.695
14.706
19.536
13.845
10.327
11.720
8.259
27.046
23.586
25.038
21.533
18.518
16.797
7.041
18.510
11.785
7.220
6.559
10.789
0.784
1.799
2.956
1.287
1.462
1.246
2.596
3.177
3.738
2.291
2.543
1.875
6.418
6.763
6.023
6.055
5.260
6.728
13.234
14.947
12.046
10.814
11.303
8.834
31.887
23.794
21.988
18.007
22.115
16.094
7.683
9.047
8.566
5.117
6.566
6.885
1.912
2.586
3.343
1.471
1.797
1.350
2.812
3.866
3.804
2.621
2.593
2.380
7.018
6.150
6.694
6.546
5.282
9.275
13.140
11.745
10.777
12.008
9.557
7.448
21.472
14.859
21.275
15.805
16.234
12.893
6.769
13.011
13.028
7.082
8.369
6.237
1.804
2.467
3.126
1.887
2.007
1.703
4.490
4.022
3.834
2.261
2.925
2.996
6.144
7.406
6.959
6.163
5.230
7.922
13.514
13.425
10.278
18.939
20.921
14.689
29.858
21.461
22.478
18.572
16.413
17.356
7.479
17.285
10.508
6.096
6.321
11.945
3.237
3.234
3.408
2.071
2.892
2.585
5.440
4.490
4.122
3.109
3.187
3.799
10.169
8.313
8.522
5.977
5.402
7.559
14.089
13.104
14.922
11.119
11.986
9.194
29.283
21.599
28.212
17.643
24.844
23.854
9.455
19.808
12.602
6.763
6.672
19.645
1.513
2.592
2.991
1.765
2.183
1.469
4.065
4.036
3.821
2.558
2.935
2.654
7.669
7.444
7.571
6.425
5.761
11.497
10.925
14.463
14.610
10.833
14.478
8.669
34.613
21.597
24.830
26.392
31.408
19.984
9.739
21.008
12.560
6.800
7.264
8.065
1.344
2.463
2.723
1.456
1.491
1.686
4.523
3.881
3.653
2.426
2.655
2.501
8.887
7.860
7.345
6.887
6.346
11.315
13.311
13.264
13.809
11.586
12.898
12.270
42.533
21.523
27.511
18.595
20.851
19.994
7.226
16.932
11.545
5.931
5.775
8.960
2.042
2.568
3.380
1.609
2.045
1.574
3.607
4.442
3.813
2.561
3.208
2.786
7.990
9.321
8.005
6.472
5.361
9.715
13.038
13.463
13.699
11.456
16.735
9.386
35.771
17.700
29.928
19.040
18.514
25.478
6.523
15.773
9.681
5.781
5.479
10.222
1.674
2.658
3.257
1.677
2.114
1.677
4.803
4.562
3.687
2.778
3.380
2.747
7.287
8.020
7.412
6.446
5.157
10.276
13.839
17.060
13.523
11.918
11.146
9.236
33.874
17.319
26.817
19.292
18.328
18.826
9.509
23.242
12.933
7.355
7.656
10.855
1.267
2.553
2.286
1.886
1.890
1.673
3.952
4.696
3.729
2.886
3.155
2.958
8.228
7.257
8.567
6.932
7.470
13.217
21.650
22.333
18.108
15.828
18.324
13.381
35.867
23.769
41.159
26.019
22.656
26.172
11.216
20.294
13.518
6.794
6.409
8.675
0.762
1.904
2.935
1.387
1.599
1.419
2.439
4.144
3.770
2.305
2.928
2.693
7.359
7.273
7.789
7.023
5.771
6.757
15.339
13.452
14.766
13.428
15.103
15.326
43.312
34.725
29.389
26.236
20.591
18.590
8.804
18.412
12.250
6.764
7.032
6.236
1.289
2.267
3.000
1.937
2.061
1.519
2.990
4.795
3.652
2.541
3.030
2.533
7.575
7.012
6.592
7.055
5.325
9.315
15.715
14.864
12.945
12.845
13.760
11.186
29.992
17.703
24.779
19.590
17.753
19.352
8.018
19.127
12.312
7.452
8.122
11.387
1.491
2.482
2.755
1.804
1.983
1.580
4.186
4.238
3.761
2.612
2.891
2.735
7.287
8.333
7.313
6.173
5.559
8.629
15.963
14.938
11.525
13.347
13.243
10.202
29.835
18.401
27.965
21.662
14.307
19.731
6.942
16.613
13.307
7.198
5.574
12.158
0.772
1.960
3.350
1.467
1.602
1.268
2.823
3.523
3.354
2.379
2.802
2.119
6.435
7.355
7.363
6.316
5.716
7.294
13.326
13.980
14.094
10.727
12.642
8.714
29.571
28.425
25.234
22.031
29.400
18.951
6.395
10.333
10.252
6.489
5.684
6.116
1.918
2.388
2.594
1.585
2.330
1.698
3.876
4.340
3.688
3.133
3.352
3.128
7.838
7.414
7.511
7.516
5.836
9.301
17.784
14.190
14.455
12.239
14.595
12.337
30.337
21.998
30.021
25.489
22.349
21.704
8.579
19.562
11.611
7.350
9.468
13.126
1.420
1.755
2.417
1.340
1.875
1.232
2.886
3.566
3.355
2.844
2.648
2.296
5.948
8.096
7.747
7.150
6.544
8.799
13.956
13.211
13.034
11.003
10.324
9.647
27.144
22.906
22.407
19.465
16.031
17.297
6.123
11.320
10.982
6.402
5.935
6.369
1.630
2.400
2.729
1.374
1.938
1.283
2.478
3.425
3.848
2.619
3.075
2.228
6.540
7.093
7.155
6.894
5.459
9.137
13.937
14.250
12.318
10.791
9.997
8.339
27.481
17.251
26.343
14.673
14.245
15.876
5.864
14.000
10.135
5.344
5.107
6.433
2.237
2.584
3.220
1.753
2.335
1.840
3.738
4.115
3.749
2.662
2.654
2.860
7.277
7.290
7.614
5.917
5.802
5.536
13.242
13.720
13.291
11.474
11.251
7.708
32.824
27.654
25.384
26.857
24.302
21.719
8.472
19.964
10.764
5.396
5.797
13.915
1.940
2.755
2.853
1.937
2.175
1.736
4.823
4.476
3.825
2.718
2.891
2.971
8.639
8.352
7.510
6.653
5.483
8.616
13.403
12.973
12.928
11.810
15.401
10.481
43.405
26.965
26.815
21.110
24.632
22.236
8.450
17.454
13.076
6.489
7.115
11.142
1.519
2.318
2.936
1.379
1.547
1.081
2.716
3.566
3.325
2.020
2.586
2.031
5.431
7.065
7.158
7.258
4.985
9.041
10.186
11.226
10.668
13.443
9.734
9.060
20.470
14.190
22.521
13.257
13.178
13.757
5.969
5.711
7.452
4.861
3.648
5.959
2.312
3.441
3.338
2.495
2.600
2.103
5.040
3.951
4.350
2.768
2.802
2.834
7.870
7.988
6.664
6.894
5.333
11.676
12.579
13.729
10.924
9.496
10.982
8.219
25.569
17.668
25.042
16.255
18.926
24.313
8.692
19.254
9.130
5.384
6.454
12.390
2.341
3.177
2.925
2.067
1.829
1.861
3.293
3.731
3.462
2.226
2.493
2.180
6.693
7.264
6.940
6.653
5.581
8.757
12.977
16.259
14.428
12.293
13.384
14.052
49.114
36.130
29.417
34.279
29.547
20.568
6.479
11.427
9.270
4.678
4.695
11.712
2.150
3.290
3.427
2.048
2.384
1.990
4.684
4.987
3.879
2.826
3.230
2.699
7.979
7.185
7.636
6.523
5.711
10.570
15.992
15.587
12.312
12.817
12.247
8.951
31.989
19.820
29.300
16.799
17.229
21.718
11.270
21.929
13.992
7.030
8.597
15.310
1.881
2.608
2.869
1.571
1.928
1.628
2.969
4.612
3.777
2.518
2.673
2.766
7.059
7.693
6.803
7.077
5.482
8.527
13.187
12.589
11.827
8.693
10.542
7.675
35.115
19.933
22.865
21.244
16.539
16.587
6.901
16.216
11.591
7.431
6.724
9.831
2.071
3.331
3.178
2.362
2.257
2.177
3.870
4.470
3.968
3.023
3.158
2.628
7.589
7.509
7.947
6.804
5.852
10.437
13.269
11.784
12.078
9.935
9.550
8.100
36.557
23.046
28.370
30.664
25.269
21.401
9.646
21.753
14.002
7.382
7.977
14.805
2.323
2.935
3.250
1.963
2.148
2.206
4.784
4.483
3.965
2.514
2.891
2.656
7.639
9.197
8.813
6.569
5.862
6.742
13.704
16.223
15.446
11.854
10.488
9.498
47.062
23.799
32.088
19.290
26.306
28.692
11.450
23.727
14.235
7.131
8.195
19.303
1.841
2.281
2.388
1.509
2.001
1.360
3.442
3.288
3.691
2.350
2.525
2.055
6.928
7.091
6.623
5.834
4.815
9.218
11.990
11.924
11.428
9.691
9.056
7.303
25.870
16.562
22.481
13.313
13.948
16.477
6.756
11.324
10.275
5.304
5.477
9.811
2.060
2.632
2.929
1.869
2.096
1.680
4.133
4.131
3.796
2.534
3.350
3.173
7.352
6.880
7.871
6.359
6.032
9.774
12.676
12.441
12.065
11.839
13.209
9.772
32.137
27.267
24.922
20.164
19.552
20.696
6.227
17.421
11.303
6.470
5.978
12.627
1.200
1.921
2.770
1.411
1.596
1.268
2.582
3.744
3.500
2.561
2.649
2.328
5.560
7.329
6.725
6.314
4.489
6.038
9.876
12.495
10.916
8.888
8.902
7.929
22.693
18.072
21.147
13.748
15.696
14.650
6.223
11.856
8.350
5.052
5.030
6.722
2.541
3.476
3.345
2.461
2.520
1.963
4.578
4.800
3.939
3.320
3.104
3.270
8.615
8.050
8.154
7.281
7.364
9.165
15.632
16.373
15.367
13.399
15.560
8.304
28.012
23.966
31.835
20.767
23.014
23.325
8.861
24.525
13.739
7.732
8.938
17.226
2.303
2.954
3.061
2.010
2.420
2.029
4.102
4.423
3.985
2.612
3.339
2.621
7.373
7.792
8.629
6.670
5.980
7.376
13.574
13.267
15.344
12.984
14.063
12.200
33.934
27.307
31.429
22.153
38.840
23.620
10.373
20.856
14.502
7.152
7.766
13.445
1.051
2.009
3.097
1.327
1.585
1.242
2.994
3.781
3.426
2.628
2.738
2.866
6.541
6.470
7.784
7.242
5.143
9.108
17.316
15.343
13.392
14.886
14.516
13.298
30.287
20.567
26.497
16.995
16.735
16.872
6.757
14.218
11.879
6.333
6.183
7.793
1.264
2.887
2.175
1.827
1.905
1.599
2.786
3.349
3.678
2.335
3.067
2.412
7.713
7.646
7.438
6.514
5.469
7.201
12.610
16.009
16.674
11.627
11.148
8.622
36.862
19.918
27.222
16.657
20.873
18.943
9.291
19.574
10.455
6.769
7.296
9.505
1.768
3.540
3.091
1.941
2.210
1.793
3.822
4.595
3.248
2.763
2.748
2.175
7.198
6.964
6.845
7.617
4.938
8.982
11.026
12.719
12.243
10.055
10.611
7.978
25.246
16.442
22.496
21.608
14.601
18.677
9.226
20.836
11.513
6.376
7.273
13.102
2.185
2.554
3.129
2.005
1.974
1.755
3.293
4.144
3.679
3.459
3.014
2.612
8.462
8.333
9.033
6.355
6.247
5.443
16.670
16.745
13.308
14.482
13.111
9.869
33.819
25.269
30.044
18.274
20.593
21.002
6.128
14.627
8.327
5.564
6.639
13.466
2.005
3.423
3.089
1.853
2.307
2.155
4.523
3.944
4.173
3.177
3.704
3.037
9.491
8.840
8.116
6.202
5.344
10.440
11.682
14.728
15.525
13.713
15.155
10.832
27.616
20.217
29.538
16.319
21.431
27.056
7.326
16.096
10.560
6.488
5.571
13.583
1.556
2.220
3.106
1.376
1.524
1.480
4.282
3.647
3.533
2.002
3.033
2.355
5.641
6.209
6.720
6.462
4.321
7.455
12.398
12.089
10.716
12.748
10.734
9.066
38.512
16.009
22.361
14.955
15.036
14.127
6.439
14.389
12.117
5.089
5.301
9.598
1.582
2.478
3.106
1.504
2.149
1.505
3.905
4.299
3.598
2.694
2.669
2.641
7.177
7.115
7.183
6.283
6.691
8.182
12.907
16.343
15.583
11.340
12.024
9.623
37.631
25.918
27.077
25.122
24.112
23.325
6.774
17.082
8.762
6.156
6.517
9.411
1.584
2.707
2.711
2.409
2.053
1.419
3.250
3.844
3.713
2.533
2.360
2.397
6.560
8.251
7.227
6.521
5.453
10.609
14.247
12.321
14.585
11.042
11.039
9.053
33.583
24.770
26.003
19.467
22.760
19.751
8.809
20.922
13.278
8.140
8.212
7.547
1.106
1.743
2.397
1.440
1.834
1.692
4.423
5.248
4.233
2.668
2.960
2.666
7.464
9.425
9.173
7.217
7.330
7.761
15.581
16.637
14.903
11.628
13.737
9.730
32.621
24.457
31.561
21.056
22.267
21.430
12.008
23.577
14.612
8.016
8.323
11.419
1.822
2.613
3.056
1.552
1.881
1.282
2.796
3.490
3.596
2.304
2.563
2.545
6.325
7.866
6.423
7.529
5.963
8.257
12.491
12.488
11.688
13.664
10.741
10.757
25.150
18.617
24.168
14.772
15.778
14.601
6.562
13.314
10.228
5.850
6.446
7.966
2.085
2.361
3.072
1.698
2.024
1.815
3.808
4.214
3.929
2.583
2.987
2.842
7.346
8.727
9.692
6.595
6.046
7.131
14.646
19.077
15.754
13.066
13.583
10.470
48.576
29.321
26.868
26.447
30.471
21.249
9.484
20.069
12.462
6.253
7.434
12.506
1.263
2.120
2.660
1.514
1.643
1.110
2.641
3.613
3.577
2.208
2.473
2.117
5.882
5.745
6.968
6.526
5.884
8.727
12.304
14.565
12.654
11.496
11.144
10.838
25.996
21.996
20.333
15.686
20.390
13.361
5.098
7.079
6.875
4.112
3.779
5.744
2.003
2.867
2.958
1.870
2.078
1.606
4.076
4.364
3.727
2.770
2.945
2.612
8.054
8.023
6.796
6.654
5.535
10.108
14.771
15.312
12.913
11.877
12.339
8.835
40.934
27.813
27.591
19.953
21.235
23.112
7.970
17.305
12.223
6.423
5.834
10.728
2.310
3.402
3.049
2.541
2.548
1.877
2.727
4.031
4.386
2.572
2.794
2.311
6.056
5.782
6.144
5.981
5.459
6.687
11.903
13.071
10.110
9.749
8.956
6.616
27.168
15.564
24.000
14.506
12.628
17.270
5.826
6.586
6.149
4.578
4.113
10.895
1.783
2.655
2.877
1.776
2.464
1.629
3.115
4.455
3.477
2.415
2.666
2.931
6.876
8.383
7.757
6.850
5.534
8.386
13.318
13.627
14.483
10.680
11.754
9.236
31.360
28.634
27.478
24.962
23.889
20.298
8.526
19.100
13.494
5.708
7.453
12.254
1.675
2.759
3.094
1.482
2.365
1.450
4.353
4.000
3.736
2.250
3.037
2.251
6.867
7.480
6.881
7.425
5.275
6.342
11.109
12.573
12.686
11.605
12.786
8.789
28.946
25.328
29.068
21.515
21.061
18.519
7.668
18.027
13.572
6.182
6.796
10.540
2.347
2.866
2.975
2.268
1.939
1.769
4.134
4.072
3.503
3.193
3.649
3.542
8.143
6.810
6.859
6.708
5.184
11.134
12.510
10.875
11.684
12.715
17.659
9.934
24.493
18.126
22.047
16.628
13.553
17.272
8.888
18.667
12.637
6.094
7.949
13.127
1.852
2.150
3.131
1.388
1.652
1.725
4.678
5.001
3.785
2.577
3.069
3.041
7.500
8.030
7.552
6.440
5.868
6.657
14.447
15.547
16.285
15.897
13.934
10.627
41.977
25.553
32.943
25.525
29.773
24.165
7.961
20.822
11.515
6.299
6.789
10.701
1.101
2.371
3.018
1.597
2.073
1.221
2.833
4.279
3.550
2.184
2.660
2.546
6.446
8.444
8.538
6.269
6.218
8.827
16.256
16.726
14.736
13.059
14.584
12.195
38.246
30.630
31.001
27.071
44.827
22.719
7.769
14.454
11.417
6.144
6.492
6.568
1.574
2.680
3.210
1.699
1.871
1.436
4.055
3.696
3.643
2.567
2.835
2.552
7.386
6.662
7.038
5.479
4.903
9.083
15.835
13.535
11.912
15.651
12.551
10.523
32.943
18.443
25.172
17.847
16.977
17.257
6.443
13.880
10.594
4.738
5.866
12.392
0.829
1.962
3.075
1.290
1.576
1.154
3.242
3.623
3.450
2.649
2.461
2.049
7.091
7.980
7.951
7.491
5.251
7.747
11.937
12.370
10.960
12.382
11.085
7.575
31.132
20.115
22.685
19.428
21.513
18.417
7.287
18.260
16.413
6.923
5.864
5.546
1.379
2.745
3.285
1.750
2.129
1.575
4.346
4.219
3.712
2.712
3.381
2.817
8.359
9.061
7.480
7.441
5.998
7.736
15.586
15.172
14.724
12.504
12.831
10.033
39.186
29.502
28.435
23.321
26.097
21.574
8.111
19.802
12.744
6.438
6.731
9.278
1.518
1.764
2.164
1.482
1.793
1.666
3.919
3.516
3.314
2.372
3.730
3.160
6.697
6.936
6.838
6.312
5.705
7.119
14.466
17.581
15.923
13.145
15.253
9.274
36.673
28.400
32.820
23.755
23.927
27.994
7.141
13.959
11.851
5.764
6.928
10.045
1.850
3.197
2.987
2.422
2.280
1.974
4.433
4.592
4.132
2.709
3.146
2.951
7.133
6.973
6.756
6.922
5.288
9.401
15.909
14.240
12.662
13.557
11.291
8.813
33.108
29.344
25.116
21.110
17.534
20.186
7.242
15.456
12.237
7.232
5.459
12.217
1.114
2.293
2.812
1.544
1.829
1.487
4.311
4.219
3.404
2.995
3.684
2.816
7.677
7.667
7.175
7.492
5.743
10.420
12.307
13.113
11.450
10.978
15.424
10.718
35.415
22.423
24.725
19.761
20.462
17.547
6.474
10.396
9.710
5.691
4.906
13.833
1.473
2.762
2.911
1.632
1.956
1.743
3.781
4.928
3.782
2.365
3.033
2.170
7.406
8.039
7.901
7.498
5.565
8.344
13.373
17.769
16.365
13.129
14.450
10.921
38.813
25.608
28.661
21.314
24.137
19.838
10.641
22.640
12.445
8.505
8.483
12.389
1.496
2.081
2.590
1.311
1.737
1.652
4.437
4.212
3.545
2.764
2.878
2.966
7.204
8.427
7.173
7.504
5.289
9.096
12.992
13.031
15.179
10.450
10.255
8.719
29.312
18.872
24.743
15.866
18.336
16.864
7.273
19.083
11.354
7.104
9.344
11.685
0.900
1.991
2.627
1.343
1.812
1.626
3.708
3.758
3.263
2.849
3.075
3.437
7.097
9.284
8.670
7.375
5.482
7.105
18.791
17.373
16.355
12.110
14.069
8.638
33.228
23.870
25.786
23.672
27.186
17.911
10.097
23.733
14.761
6.640
8.840
10.370
2.616
3.888
3.552
2.587
2.442
2.108
4.408
5.228
5.068
3.247
3.103
2.916
9.149
8.494
8.640
7.317
5.560
6.288
14.621
13.798
15.967
11.991
11.812
10.641
41.516
22.672
42.015
20.313
20.186
27.523
10.951
21.797
12.699
6.818
8.379
15.388
1.488
2.410
3.309
1.505
1.702
1.779
3.713
3.997
3.574
2.462
2.968
3.162
7.355
7.554
7.185
6.671
5.601
10.644
13.476
12.402
12.451
12.018
12.961
7.114
26.343
15.784
22.800
15.338
17.406
23.922
6.712
9.112
9.878
5.131
4.391
10.017
1.423
2.185
2.547
1.269
1.699
1.458
3.396
3.686
3.915
2.866
2.759
2.608
6.279
7.766
8.074
5.721
4.296
7.372
10.935
10.215
10.917
8.152
9.467
7.029
25.508
19.812
27.293
21.166
32.739
17.860
6.409
18.218
10.047
6.764
6.572
13.063
1.298
2.556
3.087
1.711
1.862
1.548
3.937
4.469
3.892
2.470
2.791
2.646
6.636
9.102
7.510
6.357
5.084
9.435
15.743
16.739
12.781
12.625
12.472
11.038
29.457
18.069
27.391
16.739
15.734
16.077
7.496
19.663
14.844
7.424
5.847
11.167
1.653
3.216
3.024
1.790
2.283
1.793
3.006
4.227
3.768
2.350
2.714
2.682
6.912
7.734
6.932
7.212
5.537
7.967
12.272
13.579
14.771
12.020
10.742
11.043
35.292
20.972
26.179
19.173
21.763
21.363
7.742
17.826
11.827
5.915
10.483
9.153
1.354
2.290
3.090
1.858
1.848
1.459
3.578
3.427
3.611
2.275
2.725
2.738
7.080
7.287
6.932
6.511
5.188
7.454
11.736
11.783
12.264
10.887
9.690
8.139
32.956
21.680
27.162
16.382
17.777
19.665
6.557
16.819
11.263
5.499
4.724
9.908
2.468
3.412
3.217
2.116
2.742
2.288
4.493
4.371
3.928
2.813
3.041
3.003
8.398
8.004
7.127
6.713
5.953
9.166
14.215
13.546
15.433
12.863
13.394
11.365
31.221
23.085
26.603
20.131
24.465
26.319
9.244
19.752
13.969
7.082
8.037
16.811
1.570
3.011
3.242
1.745
2.001
2.111
3.839
4.527
4.080
3.182
3.118
2.818
9.226
8.167
7.840
6.532
7.553
8.694
15.654
16.091
15.802
11.101
16.250
9.057
32.972
22.898
25.581
17.110
21.175
19.107
10.834
19.107
12.737
7.205
7.813
11.557
1.164
2.036
3.079
1.642
2.200
1.764
3.651
4.329
3.876
2.508
2.977
2.664
8.009
7.642
6.477
6.038
6.863
10.072
14.396
12.687
12.811
14.157
13.437
12.487
30.047
22.992
24.125
18.077
17.517
19.225
6.894
14.278
10.336
7.383
6.221
10.908
1.745
2.340
3.138
1.586
2.248
1.493
3.533
3.555
3.530
2.151
2.807
2.177
5.685
6.493
6.618
6.000
4.866
8.420
13.754
11.333
10.194
8.853
8.838
6.397
28.696
16.717
20.526
12.722
15.210
16.609
7.767
18.100
15.212
6.431
6.858
13.148
1.349
2.517
3.221
1.696
2.504
1.638
5.437
4.314
3.426
2.468
3.120
2.796
6.332
6.917
8.170
6.612
5.460
6.645
9.782
12.476
12.647
9.646
12.765
8.785
29.829
20.510
25.180
21.044
24.688
29.274
6.586
16.164
10.178
4.763
4.894
9.680
1.321
2.085
2.572
1.490
2.032
1.776
3.245
3.879
3.995
2.370
2.660
2.560
6.194
8.033
7.429
6.860
5.937
9.436
14.394
13.181
14.731
13.616
16.186
10.944
28.659
21.535
27.121
18.262
19.639
20.144
5.481
12.093
10.668
4.523
4.853
8.912
1.363
2.272
2.906
2.147
1.968
1.738
3.604
4.416
4.127
2.621
3.321
3.111
8.162
8.588
7.574
6.911
6.422
8.617
12.737
14.215
14.804
12.213
13.420
11.697
34.034
24.288
30.348
20.505
40.050
22.239
11.592
21.442
13.266
6.953
7.326
10.604
1.856
2.362
3.472
1.414
1.648
1.652
3.927
3.870
3.565
2.608
3.178
2.512
7.795
8.495
8.202
6.132
5.998
9.175
11.908
12.690
13.990
11.404
12.214
9.611
33.659
18.676
28.227
17.131
20.246
21.692
7.531
23.135
12.375
6.643
8.852
12.215
1.801
1.877
2.832
1.574
1.742
1.291
3.618
4.878
3.745
2.221
2.275
1.965
5.953
7.252
6.420
6.249
4.850
9.161
15.957
11.109
10.058
8.811
9.567
7.959
29.651
20.554
22.918
15.066
15.069
14.953
7.028
11.987
10.681
4.777
4.594
8.026
1.275
2.009
2.707
1.745
1.865
1.691
4.156
4.607
4.135
2.997
3.132
2.425
6.226
7.498
7.912
6.438
5.492
8.365
13.676
15.936
14.511
11.470
13.271
10.352
39.635
23.948
30.272
29.460
35.788
27.532
6.880
14.832
10.849
6.271
6.327
12.853
2.079
2.510
2.452
1.875
1.905
1.834
4.543
4.686
3.634
2.509
3.432
3.193
6.774
8.455
7.117
6.837
5.235
11.020
11.549
11.088
11.456
11.441
19.839
9.648
26.008
18.537
24.175
16.579
16.212
15.456
7.976
18.856
13.095
5.640
7.004
15.662
2.081
2.736
2.495
1.677
2.097
1.933
5.023
4.969
3.692
3.253
3.439
2.829
9.435
7.091
7.909
7.281
5.458
11.044
15.810
19.118
17.004
15.142
13.394
11.781
53.756
24.641
26.610
19.173
20.729
23.589
8.438
20.582
12.162
6.130
6.193
13.646
2.248
3.741
3.099
2.683
2.362
2.262
4.776
5.235
4.151
4.101
4.025
3.502
8.521
7.817
7.953
7.113
6.198
13.361
15.019
16.764
12.934
13.163
14.765
12.108
30.407
18.008
33.144
16.420
16.772
29.871
6.916
15.273
9.588
6.440
4.717
14.400
3.045
3.180
3.433
1.965
2.236
2.459
4.214
4.344
3.800
2.512
2.995
2.242
8.102
8.680
7.643
7.473
7.348
7.274
13.750
15.116
13.878
13.693
13.592
9.234
38.001
24.270
26.385
33.070
22.398
23.213
8.018
18.656
12.980
6.431
6.166
14.744
1.828
2.346
2.146
1.852
2.204
1.621
3.370
3.955
3.565
2.700
2.911
2.367
6.807
7.906
8.352
6.122
5.673
8.669
12.627
14.356
14.701
13.223
12.039
9.599
34.808
24.172
30.920
20.372
23.201
22.321
7.049
13.364
11.276
6.535
5.903
13.130
1.401
2.106
2.119
1.441
1.683
1.436
3.004
4.050
3.754
2.836
3.325
2.699
6.750
6.633
6.555
7.775
4.866
9.067
12.226
11.220
10.867
9.488
19.063
6.931
20.513
19.989
20.218
12.700
13.238
15.425
5.637
10.850
7.525
5.446
4.258
6.401
2.076
2.769
3.055
1.865
2.541
1.746
3.206
3.568
3.752
2.645
2.801
2.138
7.504
7.821
6.904
6.269
5.205
7.144
12.756
12.542
13.165
10.288
10.950
7.751
26.482
17.562
23.386
16.098
17.689
19.471
7.650
15.789
12.776
6.735
6.021
11.098
2.079
3.456
2.464
2.164
1.906
2.060
3.883
4.900
3.933
2.953
3.967
2.857
7.583
7.689
8.301
7.969
5.037
8.782
19.295
19.044
15.564
12.489
11.890
10.267
35.147
23.065
28.968
21.859
21.104
23.465
10.649
22.913
16.046
8.238
8.432
13.853
1.410
2.083
3.079
1.546
1.718
1.319
3.432
3.164
3.596
2.859
3.028
2.631
8.226
8.345
7.525
5.921
5.741
9.546
12.915
15.295
14.171
12.301
13.738
8.654
39.620
22.119
31.026
16.349
22.466
23.897
8.100
17.678
10.251
6.713
5.976
6.865
1.379
3.177
3.529
2.185
2.437
1.781
3.166
4.494
4.544
2.611
3.121
2.575
7.414
7.924
7.624
7.471
5.933
7.725
11.617
12.568
12.544
10.347
11.131
8.342
30.244
19.340
27.884
15.754
22.263
16.590
8.744
20.474
12.890
7.734
7.430
12.366
2.289
2.776
3.143
1.639
2.450
1.616
3.220
4.124
4.318
2.530
2.614
2.441
6.512
7.049
5.958
6.667
5.217
7.240
17.954
12.872
11.261
11.858
10.521
11.781
27.674
18.464
24.217
15.456
20.267
14.490
6.228
10.625
11.215
6.646
5.102
5.830
2.057
3.194
3.108
2.082
2.399
2.085
2.722
3.814
4.187
2.402
2.643
2.568
7.186
7.538
6.857
6.861
5.852
9.057
13.114
15.679
13.871
15.436
11.006
9.443
25.993
22.043
26.104
15.074
14.778
15.384
7.696
14.138
9.903
6.554
6.944
6.825
1.777
2.396
2.499
1.618
1.619
1.444
3.550
3.845
3.433
2.648
2.811
2.322
6.227
7.670
6.870
7.457
6.371
8.698
14.613
15.235
13.235
9.746
13.338
7.367
29.625
22.743
24.877
19.954
20.517
21.371
7.994
15.608
8.788
6.286
5.643
10.148
1.653
2.424
2.934
2.062
2.016
1.829
4.544
4.345
3.894
2.394
2.829
2.540
6.325
7.982
7.408
7.047
5.497
5.888
13.139
19.637
14.144
12.784
12.726
11.439
53.108
29.520
27.292
26.256
33.857
32.661
7.529
18.106
11.960
5.889
5.996
14.924
2.259
3.382
3.282
2.064
2.270
2.008
4.807
4.329
4.355
4.127
2.988
2.357
6.533
7.265
7.607
6.332
6.163
9.353
15.008
16.453
15.998
11.588
14.945
11.678
33.085
25.553
27.903
24.450
25.392
22.428
8.298
17.450
13.250
7.099
8.123
13.991
2.377
3.607
3.688
2.531
2.494
1.816
4.491
5.026
4.243
2.807
3.320
2.694
7.883
7.737
7.695
6.950
5.738
7.474
14.183
14.167
15.992
12.489
13.319
11.898
38.778
28.472
31.191
26.758
29.870
26.750
9.924
20.143
13.152
8.662
8.499
15.146
1.336
2.736
3.032
2.043
1.898
1.360
4.565
4.200
3.439
2.656
4.005
3.193
8.042
6.445
6.850
7.067
5.869
11.259
12.912
10.272
12.532
11.830
15.401
9.455
24.930
16.853
21.693
15.399
14.930
24.052
7.192
13.456
11.920
6.904
6.623
9.992
1.677
2.880
3.065
1.859
2.289
1.674
4.025
4.032
3.682
3.607
3.326
2.819
7.070
8.608
7.029
7.173
6.568
8.410
15.196
13.430
18.092
16.369
15.576
14.262
34.812
24.100
29.672
21.636
22.672
26.118
8.383
17.728
11.903
7.400
6.614
13.733
1.746
2.673
3.132
1.646
2.257
1.820
3.513
4.246
3.766
3.178
2.418
2.586
6.956
8.986
6.548
6.677
5.794
8.716
17.348
16.326
12.351
15.363
11.614
11.545
34.110
19.760
29.118
19.142
21.005
21.634
8.851
19.582
11.352
6.300
6.208
11.589
2.098
3.197
3.015
2.140
2.288
1.844
4.334
4.456
4.260
2.598
2.745
3.498
6.758
7.827
8.584
5.944
6.266
11.527
19.018
14.035
11.856
11.450
12.560
8.110
29.384
19.242
23.256
14.440
19.464
17.182
7.717
20.525
12.733
5.666
6.338
12.103
1.473
1.963
2.956
1.674
1.990
1.664
2.966
4.912
3.724
2.552
2.421
2.407
6.196
7.700
6.588
7.927
4.579
8.191
13.720
14.081
11.253
11.349
9.220
7.322
24.461
16.134
23.314
16.236
18.582
14.610
6.488
16.477
11.725
5.585
5.473
5.802
1.329
2.027
3.202
1.398
1.551
1.447
3.870
4.490
3.537
3.140
3.182
2.738
7.719
7.865
7.148
8.304
5.279
9.278
13.364
14.092
14.747
11.780
11.172
9.898
31.734
23.917
27.424
20.461
19.782
22.793
6.852
14.553
13.394
6.203
4.768
7.057
1.719
2.310
3.105
1.387
1.656
1.367
2.794
4.376
3.804
2.766
3.176
2.966
7.054
7.216
6.234
6.538
5.348
8.258
14.654
16.177
15.665
12.914
16.237
13.126
33.109
30.507
26.816
21.753
25.999
21.635
7.863
21.455
15.172
8.444
9.472
11.300
1.239
2.269
3.059
1.691
1.937
1.399
4.338
4.240
3.610
3.251
3.732
3.441
7.061
7.169
6.818
5.831
6.240
9.525
12.411
14.467
14.219
12.558
13.546
8.858
32.478
24.633
26.962
19.693
24.856
21.662
7.195
13.472
10.502
6.423
6.300
9.646
1.844
3.281
2.521
2.028
2.432
2.040
4.163
5.111
3.987
3.399
3.027
2.514
6.991
8.727
7.513
7.484
5.887
8.799
14.553
14.757
14.262
10.323
9.636
10.700
29.187
21.594
27.283
23.367
17.438
21.869
10.523
23.077
15.928
9.057
8.696
10.411
2.225
2.847
3.185
1.761
2.064
1.831
3.653
5.138
3.626
2.753
2.892
2.879
8.382
10.086
8.329
6.998
6.425
7.534
15.361
16.096
15.340
12.274
12.219
10.826
47.791
28.376
30.828
24.168
28.346
25.141
10.839
21.769
13.454
6.281
7.285
15.247
1.132
1.938
2.593
1.300
1.652
1.149
3.076
3.711
3.246
2.400
2.399
2.986
6.619
6.577
6.717
5.528
5.198
12.539
12.861
11.693
11.828
10.145
11.465
8.628
21.326
14.539
19.959
13.253
16.234
14.384
4.491
6.170
6.940
6.172
3.181
5.553
1.329
2.367
2.201
1.461
1.762
1.645
3.620
3.805
3.615
2.317
2.918
2.772
6.437
6.178
8.076
6.266
6.568
7.021
15.433
16.072
19.664
13.152
12.708
8.216
32.654
24.662
24.395
23.412
33.552
21.330
8.670
15.424
13.055
5.940
5.563
11.026
2.403
3.157
3.185
2.039
2.222
2.210
4.296
4.000
4.043
2.701
3.056
2.821
7.531
7.813
7.414
6.727
5.734
5.906
14.790
13.287
12.423
14.745
18.151
11.740
28.985
25.141
31.027
18.415
20.729
20.229
9.238
20.430
12.164
6.894
7.857
15.309
2.120
2.933
3.340
2.203
2.139
2.295
4.143
4.759
4.032
2.910
3.071
3.255
7.786
8.887
7.011
6.052
5.145
9.110
21.783
19.850
13.548
11.505
14.165
10.837
35.388
23.687
27.621
18.654
17.419
21.318
10.177
21.540
11.776
6.310
6.266
11.309
1.699
2.844
3.108
1.992
2.336
1.762
3.109
3.844
3.743
2.535
3.058
2.206
6.957
8.291
7.252
7.292
5.427
8.767
12.317
14.806
11.483
9.803
11.434
8.792
30.091
19.289
25.269
15.128
16.984
18.070
7.840
18.241
11.246
6.978
6.509
10.914
1.392
2.596
2.356
1.711
2.166
1.757
4.659
4.004
3.705
2.724
3.322
3.052
7.469
8.654
7.512
6.931
6.123
10.979
16.068
12.536
13.792
13.782
15.927
8.668
34.693
24.866
31.752
21.581
26.711
22.266
5.861
12.208
15.757
6.700
8.595
14.441
2.224
3.237
2.781
2.090
2.273
1.972
3.856
4.500
3.915
2.644
3.305
2.258
7.730
7.307
7.297
7.134
5.203
6.150
13.759
15.055
14.870
11.639
12.477
11.813
47.950
28.646
26.591
23.917
27.030
22.490
7.857
20.101
13.358
6.614
7.965
11.398
1.176
3.055
3.128
1.328
1.874
1.235
3.871
3.961
3.517
2.834
2.608
2.924
6.732
7.485
7.122
7.404
5.652
12.550
13.068
13.496
11.616
11.701
12.979
9.604
23.121
19.157
22.434
19.775
14.996
17.084
5.168
11.499
7.836
4.580
4.137
5.664
1.452
2.396
3.292
1.968
2.067
1.877
3.224
4.151
3.949
2.587
3.044
2.211
6.624
6.595
6.990
6.077
4.810
10.574
11.879
11.715
13.919
11.393
9.991
10.337
28.474
20.008
23.925
20.213
22.337
17.725
5.800
12.319
9.718
5.352
5.268
6.611
2.366
2.477
2.877
1.905
2.383
1.762
3.247
4.626
3.660
2.956
3.512
3.185
8.806
8.245
7.659
6.900
5.531
8.687
12.404
12.479
12.589
14.641
13.829
9.110
39.195
21.643
24.802
25.473
21.166
23.080
6.997
18.136
11.715
6.540
6.286
11.570
2.036
2.371
3.073
1.399
1.575
1.593
3.198
3.326
3.396
2.533
2.894
3.236
6.535
8.396
7.317
6.481
6.112
7.384
12.405
12.027
12.225
11.766
11.569
8.664
30.599
22.732
25.914
17.807
17.152
19.004
7.768
19.202
14.140
6.005
7.989
11.466
2.429
3.272
3.057
1.882
2.434
2.159
4.030
4.067
3.784
2.695
3.076
3.200
7.840
7.142
7.067
6.570
6.307
9.435
14.154
14.654
12.525
12.669
12.003
10.914
30.847
22.402
26.338
19.038
18.907
21.081
7.060
18.244
10.833
6.085
7.644
13.287
1.543
2.253
2.997
1.559
2.111
1.426
3.178
3.519
3.730
2.336
2.707
2.127
5.935
8.264
6.670
6.370
6.505
7.186
11.779
11.549
11.757
9.512
9.718
7.876
30.083
17.429
24.424
14.535
15.110
14.902
6.140
10.009
9.831
6.341
7.088
9.223
1.960
2.369
2.781
1.996
1.998
1.571
4.493
3.871
3.569
2.351
3.130
2.572
8.173
8.064
6.924
6.498
5.291
8.072
12.008
13.679
11.238
11.467
10.271
9.048
30.386
18.727
25.519
16.936
19.163
16.231
11.364
23.794
13.743
6.898
8.791
10.801
1.785
2.562
3.064
1.472
1.718
1.728
3.564
4.180
3.463
2.600
3.248
2.599
7.987
7.946
7.858
7.561
5.285
7.461
12.684
12.588
12.894
10.418
10.905
8.973
38.134
24.625
26.667
21.807
21.518
26.552
9.971
20.467
12.930
5.576
6.751
9.522
0.991
1.989
3.251
1.434
1.686
1.284
2.756
3.648
3.446
2.099
2.535
2.846
6.957
6.870
8.425
7.135
5.840
7.975
11.074
13.254
13.695
10.160
10.389
8.121
26.983
24.165
22.963
16.084
15.747
19.024
6.740
13.001
8.284
5.387
4.898
6.362
1.729
2.361
3.063
1.530
2.096
1.199
3.575
4.317
3.764
2.530
2.555
2.105
6.862
7.136
6.948
6.360
5.727
8.858
11.430
11.106
11.366
11.446
13.959
9.996
28.949
17.048
26.666
15.721
15.808
17.299
6.510
8.607
8.848
6.590
4.946
9.558
1.210
1.911
2.512
1.895
2.039
1.888
3.982
4.571
4.030
3.173
3.459
3.046
8.727
7.031
7.643
7.009
6.141
11.340
15.304
14.876
13.340
15.736
17.596
12.595
37.626
20.817
29.857
17.716
18.426
22.843
8.910
20.934
9.789
6.532
6.710
13.148
2.326
3.128
3.200
2.190
2.124
1.756
3.651
4.196
3.983
2.519
2.685
2.427
7.510
10.011
7.390
8.493
6.382
9.653
17.303
13.461
13.630
11.957
10.568
9.052
27.011
20.035
26.299
17.985
19.279
17.198
8.334
23.228
13.489
6.844
8.191
11.828
1.225
2.334
2.924
1.581
1.912
1.167
3.167
3.935
3.095
2.445
3.117
2.537
6.184
5.770
7.246
7.407
4.579
10.108
12.992
11.257
11.282
10.717
11.191
8.316
25.380
12.574
22.230
15.344
12.984
15.735
7.059
9.933
12.762
5.478
3.957
9.142
1.772
2.800
3.104
1.845
2.148
1.798
3.418
4.071
3.830
2.567
3.488
2.503
7.792
8.486
7.320
7.681
5.741
9.543
14.814
14.004
13.978
12.403
12.442
12.088
30.978
23.847
27.955
22.869
18.885
23.090
6.646
13.765
10.482
6.266
5.621
11.402
2.310
2.904
3.318
2.076
2.171
1.595
3.379
3.673
3.515
2.384
2.707
2.352
6.719
6.885
5.928
5.873
4.749
8.509
14.243
12.988
10.030
11.039
10.192
9.465
22.337
17.195
21.607
13.412
15.437
17.320
5.659
7.550
8.041
5.852
4.084
8.098
0.835
1.887
3.136
1.360
1.628
1.281
3.385
3.908
4.044
2.440
2.816
2.700
7.173
9.240
6.748
6.524
5.277
9.585
12.873
13.914
14.095
11.410
15.061
9.334
34.832
27.914
24.947
21.502
33.769
23.590
8.759
18.033
12.138
5.877
7.859
6.790
1.518
2.878
2.649
1.744
2.303
1.886
3.394
4.358
3.839
2.533
2.426
2.387
6.662
6.185
6.191
5.909
5.131
9.184
15.830
14.729
10.634
9.435
10.344
8.309
25.434
18.214
33.753
15.076
33.378
14.933
6.008
17.348
10.858
6.673
3.811
8.208
1.498
2.471
2.819
1.494
1.899
1.550
3.140
3.927
3.634
2.635
3.062
3.010
7.816
8.100
7.397
6.124
4.902
7.070
13.735
12.025
12.408
11.039
11.022
10.843
28.947
22.840
28.308
16.529
18.763
20.526
8.484
20.758
12.781
6.598
6.872
15.922
0.953
2.199
2.856
1.912
1.675
1.570
3.717
4.591
4.082
2.892
3.063
2.644
6.545
8.193
6.475
6.735
5.035
9.041
11.808
12.458
11.694
12.656
12.253
9.001
21.849
16.925
23.482
15.222
13.150
14.947
6.561
13.486
9.335
6.216
5.020
8.095
1.718
2.002
2.977
1.681
1.978
1.491
3.983
4.103
2.975
2.970
3.783
3.029
5.832
6.414
6.858
6.950
6.119
8.461
11.029
11.437
10.617
11.596
12.087
8.597
29.210
17.722
21.533
13.921
22.071
17.457
6.462
8.241
8.201
3.867
4.509
9.954
1.443
2.158
3.171
2.080
2.237
1.693
3.663
3.910
3.119
2.712
3.147
2.283
6.634
8.101
8.452
6.644
5.868
6.364
11.356
13.839
14.902
13.756
12.990
9.741
38.221
24.818
30.622
22.518
33.797
25.836
7.989
16.706
12.318
5.132
6.723
14.719
2.162
2.472
3.050
1.618
2.142
1.520
2.970
3.693
3.539
2.493
2.771
2.124
6.749
7.879
7.229
6.513
5.887
8.358
13.729
13.800
13.306
9.304
10.244
7.254
25.469
16.653
23.212
15.757
15.081
17.618
7.882
15.101
11.681
7.385
6.600
9.279
1.414
2.341
3.044
1.606
2.021
1.669
4.223
4.008
3.774
3.051
3.409
3.083
8.523
9.309
7.134
6.142
6.168
9.510
13.287
13.985
13.421
11.727
13.358
10.184
35.107
28.422
28.772
24.415
24.599
24.194
8.570
18.375
13.188
6.805
6.763
12.076
1.665
2.561
3.224
1.594
1.822
1.370
3.540
4.098
3.909
2.365
3.341
2.886
8.393
8.476
6.821
5.886
5.621
9.694
15.989
14.497
14.125
13.860
16.898
8.451
25.012
16.231
27.228
15.070
14.244
22.832
7.835
17.488
9.669
4.789
5.030
8.822
1.012
1.633
2.415
1.317
1.504
0.952
3.318
3.312
3.263
2.130
2.729
2.636
5.839
9.628
7.017
6.524
6.243
8.219
11.126
11.411
12.075
10.012
16.862
10.315
18.462
12.349
19.777
14.069
13.607
12.929
3.884
6.114
5.451
3.134
3.260
5.095
1.899
2.707
3.030
1.836
2.083
1.656
4.092
3.979
4.022
2.623
2.585
2.306
7.266
7.163
7.810
7.422
6.704
8.017
15.100
14.721
18.249
15.188
11.486
9.865
29.681
24.446
25.534
18.181
21.830
29.860
10.145
23.390
12.394
7.879
7.108
15.426
0.618
1.862
1.697
1.479
1.675
1.409
2.756
3.719
3.260
2.321
2.652
2.365
7.019
10.364
7.860
6.614
5.968
5.256
11.738
17.440
14.199
11.492
10.494
9.472
38.432
24.370
30.012
18.916
24.947
21.332
8.236
19.890
8.159
4.609
4.313
6.219
2.861
3.364
3.750
2.340
2.270
2.423
5.691
5.108
4.331
3.553
3.810
3.321
8.872
7.388
7.134
6.889
6.181
12.277
13.656
14.359
12.569
14.937
18.457
15.384
27.220
19.329
31.610
19.659
20.360
29.976
9.134
24.159
12.593
7.462
6.838
15.275
1.449
2.664
3.024
1.658
2.041
1.562
3.841
4.655
3.722
2.575
2.845
2.502
7.884
8.264
8.196
5.899
5.939
9.473
13.316
13.397
11.950
10.797
13.970
9.504
32.319
20.359
27.672
17.587
16.334
18.988
7.192
14.322
10.650
5.779
5.421
9.472
1.760
3.034
2.413
1.972
2.288
1.690
4.123
4.556
3.745
3.378
2.911
3.285
8.008
9.509
8.066
6.611
6.264
10.007
16.274
14.652
14.670
10.858
13.533
9.854
34.600
26.452
26.601
22.278
18.726
18.601
7.733
20.031
12.604
6.148
5.858
11.812
1.604
2.416
2.852
1.622
2.115
1.848
3.385
4.003
3.796
2.461
2.811
2.499
7.596
8.673
7.596
7.374
5.942
9.715
14.336
14.472
15.550
13.005
16.543
10.137
33.259
23.877
28.194
19.744
29.098
22.582
11.420
21.272
11.796
5.938
6.446
11.199
1.660
2.935
3.555
1.555
1.846
1.626
3.648
4.206
4.169
2.573
3.042
2.491
7.595
7.236
7.168
6.648
4.777
6.079
11.950
12.668
12.115
17.217
13.456
8.545
27.160
21.721
23.183
16.363
22.315
22.185
7.648
15.082
10.862
5.670
6.670
12.478
2.156
2.992
3.183
1.969
2.328
2.198
4.242
5.351
3.766
3.065
2.999
3.138
8.212
8.330
8.685
7.307
7.017
6.554
17.211
13.869
15.612
13.568
12.582
11.466
38.825
26.325
29.142
20.010
28.559
27.309
9.526
22.437
14.864
7.133
7.501
13.302
1.990
2.623
3.306
1.664
2.033
1.625
3.153
3.442
3.749
2.428
3.066
2.055
6.145
7.618
7.174
7.948
4.434
5.850
10.749
10.340
11.581
9.864
8.619
8.163
27.217
17.175
25.318
16.362
13.206
16.433
6.334
18.501
9.974
6.976
6.494
13.373
1.822
2.661
3.179
1.527
2.263
1.654
4.286
3.731
3.620
2.354
2.790
2.207
6.727
6.774
7.954
6.376
5.588
8.011
12.220
15.364
12.754
16.389
15.976
10.499
34.479
26.116
29.098
22.877
23.845
22.000
11.083
21.999
11.709
6.577
6.264
14.949
1.069
2.038
3.243
2.111
2.209
1.615
3.591
4.143
3.639
2.780
2.799
2.692
7.761
9.504
8.471
6.726
5.553
8.693
12.524
14.914
12.870
10.553
12.787
9.702
32.494
23.464
26.944
20.112
25.532
23.315
9.714
22.226
14.651
7.316
6.250
9.074
1.124
2.089
3.215
1.489
1.730
1.597
3.005
4.107
3.911
2.738
3.505
2.793
8.016
7.664
7.806
7.911
5.317
6.380
12.436
15.388
14.084
11.465
11.566
9.059
39.669
20.923
27.646
19.271
21.167
18.842
8.946
18.286
12.394
6.473
7.074
7.070
1.318
2.271
2.742
1.641
1.846
1.301
4.379
4.067
4.026
2.234
2.943
2.110
6.542
7.072
7.946
6.624
5.484
6.575
11.836
14.435
13.770
11.316
11.435
8.483
47.747
33.483
28.235
24.073
29.638
27.035
9.724
18.555
11.015
5.208
6.148
12.486
0.946
1.839
2.733
1.272
1.750
1.228
3.746
5.259
3.603
2.729
3.295
3.488
9.463
9.730
9.280
6.441
7.122
8.313
22.849
19.431
16.094
14.981
17.322
13.606
49.799
30.853
37.220
38.370
50.782
32.211
8.464
18.639
11.299
6.069
6.378
9.294
2.591
2.851
3.131
2.039
2.051
2.645
4.014
4.718
4.951
3.262
2.998
2.912
6.952
7.189
7.672
6.750
5.541
7.199
13.872
14.197
14.258
10.822
12.182
9.998
38.671
25.813
32.641
24.761
30.818
25.296
6.963
16.132
10.312
6.062
5.736
14.839
0.761
1.830
2.579
1.158
1.416
1.021
3.968
3.951
3.392
2.367
2.752
2.429
5.565
6.315
6.971
6.951
5.483
8.711
10.225
12.514
10.660
11.356
11.732
8.243
21.592
18.417
21.080
12.161
13.400
13.156
4.955
6.433
9.500
4.491
4.029
6.043
1.995
2.411
2.835
1.547
2.069
1.413
3.053
3.500
3.330
2.258
2.769
2.672
6.378
6.517
6.660
6.572
5.615
9.206
13.329
14.258
10.565
13.133
12.172
11.306
22.963
16.556
21.053
15.708
12.519
14.266
5.906
7.904
10.219
4.896
5.371
11.618
2.275
2.755
3.369
2.202
1.904
1.942
3.012
3.693
4.046
2.795
2.923
2.929
7.656
9.169
8.114
7.397
6.236
5.590
10.980
15.245
15.498
12.696
11.706
9.371
42.245
26.277
27.848
23.632
22.188
22.229
9.700
22.177
10.650
6.070
5.905
10.312
2.257
3.761
3.305
2.183
2.239
2.291
4.605
4.649
3.913
2.801
2.732
2.632
8.100
7.850
8.812
7.504
5.303
8.140
14.506
13.095
13.155
10.619
11.995
8.749
34.802
22.653
28.807
19.599
21.853
23.661
9.506
24.895
15.795
8.198
9.345
13.770
1.414
3.397
3.047
1.790
2.537
1.920
3.420
3.795
4.011
3.156
2.717
2.486
8.327
8.850
8.051
7.012
5.467
8.820
12.737
14.484
15.138
11.164
12.001
10.477
37.246
26.181
27.295
19.641
21.929
22.577
10.632
22.206
11.382
7.189
6.299
16.749
2.132
2.730
2.404
1.934
1.738
1.398
2.585
3.216
3.546
2.473
2.551
2.820
5.879
7.146
6.395
6.384
5.914
8.600
15.827
12.195
11.956
11.000
12.000
10.349
29.770
21.603
25.304
19.506
21.137
17.185
5.876
6.907
6.934
4.494
3.713
6.017
1.533
2.569
3.017
1.728
2.085
1.768
4.025
3.991
3.747
2.621
3.142
2.786
6.743
6.952
7.943
6.994
6.070
6.597
15.533
17.684
16.459
11.649
13.323
8.882
44.517
34.174
32.639
33.095
38.159
31.403
9.987
19.531
10.069
5.481
5.685
11.079
2.175
2.652
3.167
1.737
2.021
1.686
4.371
4.447
3.674
2.390
2.551
2.208
7.169
7.583
7.546
6.922
5.402
7.837
11.966
12.172
14.432
10.337
10.192
8.545
29.382
19.977
24.113
15.219
17.702
16.992
7.654
16.490
11.686
7.148
5.898
8.191
2.366
3.314
3.341
1.914
2.269
1.604
3.052
4.545
3.875
2.773
2.900
2.659
7.529
9.023
7.057
6.862
5.762
7.885
13.986
17.661
15.804
13.687
12.779
11.239
39.370
27.960
31.828
32.728
24.558
26.690
8.267
18.689
11.909
5.827
5.991
10.285
1.807
3.142
3.319
2.308
2.138
2.146
4.083
3.863
3.728
2.931
3.026
2.440
8.324
7.741
7.762
6.623
5.539
6.135
11.456
14.041
13.896
10.505
11.438
9.154
34.560
22.839
28.887
17.642
19.711
25.395
7.622
18.819
12.739
7.846
6.853
12.863
1.710
2.011
2.462
1.510
1.995
1.679
3.982
4.211
4.258
2.558
3.101
3.090
7.224
8.414
8.373
7.027
6.711
8.960
15.680
15.634
15.386
12.823
13.607
12.271
42.361
27.777
33.777
26.337
27.480
24.305
7.899
15.227
11.255
6.785
7.073
10.044
1.689
1.931
3.201
1.341
1.688
1.312
2.854
3.729
3.897
2.371
2.833
2.702
5.847
7.716
7.308
6.091
5.677
8.931
19.006
16.190
14.350
14.962
13.027
11.704
34.179
27.251
32.753
22.701
26.874
21.701
7.546
15.935
10.814
6.782
6.537
10.901
1.537
2.763
3.123
1.503
1.914
1.545
3.179
3.565
3.366
2.745
2.818
2.397
6.066
6.382
7.557
7.061
5.626
6.474
14.998
13.155
12.516
15.366
14.194
11.110
32.931
21.813
23.090
18.312
13.600
15.244
7.489
15.454
13.535
7.655
9.246
6.329
1.829
2.806
2.919
1.591
2.026
1.598
2.996
3.880
3.490
2.564
2.597
2.255
6.225
6.378
6.886
7.619
5.687
7.535
14.821
14.308
13.573
11.622
11.675
9.563
37.000
21.511
26.558
19.362
20.483
16.380
5.572
7.778
9.590
5.260
5.104
6.604
1.955
2.684
2.974
1.529
2.420
1.823
4.227
4.744
3.750
2.942
3.580
3.636
9.350
7.810
9.180
7.246
6.130
8.944
16.830
15.708
16.358
14.538
13.533
13.782
43.471
31.845
31.933
30.795
22.710
28.066
8.266
18.519
12.917
6.373
8.144
10.855
1.760
2.537
2.814
1.821
1.894
1.375
4.211
3.958
3.461
2.760
2.752
2.750
6.688
8.322
6.727
6.966
5.887
10.386
11.557
13.206
11.877
15.257
11.945
13.092
28.636
18.528
23.326
15.623
14.580
20.116
7.354
16.086
12.328
6.189
7.959
13.232
2.228
2.673
2.610
1.800
2.117
1.542
3.229
3.603
3.513
2.361
2.795
2.236
7.403
7.295
6.690
7.209
5.577
9.281
12.700
11.128
10.598
9.809
9.548
7.704
20.601
17.442
20.612
14.097
14.124
16.198
5.633
11.330
11.835
6.594
4.437
12.603
2.069
3.067
3.565
1.757
2.178
1.638
3.028
3.590
3.670
2.573
2.943
2.404
5.985
6.568
6.890
6.572
4.973
8.168
12.523
11.535
12.291
11.205
9.960
6.663
24.743
15.270
22.073
16.007
16.268
16.141
6.351
6.727
8.757
6.431
4.485
8.857
1.923
2.352
3.653
1.554
1.909
1.815
3.793
3.592
3.944
2.698
2.870
3.052
8.596
10.453
9.838
6.950
7.562
6.987
12.777
16.423
16.562
14.560
13.007
11.045
53.942
31.992
29.499
21.234
25.223
24.437
11.221
23.109
11.461
7.224
7.924
9.414
1.288
1.912
2.048
1.564
1.859
1.364
2.661
3.662
3.414
2.246
2.525
2.200
6.685
8.338
6.842
6.643
6.148
8.324
13.378
14.192
13.918
12.326
10.336
7.914
43.886
30.680
24.108
17.503
21.572
22.186
7.404
16.305
13.558
7.246
8.785
8.497
2.293
3.246
3.115
2.412
2.513
2.259
4.919
4.165
3.948
3.292
3.830
3.358
10.698
7.660
7.891
6.874
5.334
11.969
13.589
15.046
14.320
10.988
12.397
10.349
31.406
22.244
27.429
18.464
18.962
33.951
8.444
18.832
13.219
7.008
7.232
17.787
2.098
2.970
3.162
1.853
2.323
2.193
3.941
4.161
3.971
2.444
3.026
2.549
6.786
8.315
8.953
7.790
6.425
6.295
14.772
13.344
16.646
16.100
16.566
11.244
34.017
26.935
30.167
22.327
24.663
26.698
8.446
22.037
11.923
6.038
7.328
14.868
1.595
2.046
2.792
1.502
1.575
1.777
3.347
3.375
3.406
2.252
2.339
2.590
6.710
6.460
7.645
5.543
5.682
8.863
16.962
15.032
12.837
14.041
13.312
13.720
35.409
23.971
23.916
20.749
16.583
18.943
6.982
18.879
8.907
4.912
3.909
8.098
1.928
2.380
2.147
1.581
1.748
1.545
3.347
3.652
3.203
2.366
2.841
2.514
6.917
6.698
7.472
6.981
4.799
6.821
12.155
13.837
12.366
13.132
9.686
9.855
27.502
23.808
22.743
18.214
18.562
16.985
7.194
13.233
11.564
5.924
3.640
12.166
1.921
2.360
3.073
1.432
1.846
1.660
3.119
4.745
3.205
2.703
2.864
3.164
7.236
8.370
7.468
6.763
5.569
6.928
15.256
13.226
11.783
10.145
11.264
9.475
45.565
28.593
25.866
24.035
28.276
27.923
9.973
23.623
14.741
7.645
7.651
10.788
1.706
2.712
3.063
2.274
2.298
1.627
3.447
3.913
3.676
2.527
2.746
2.433
6.355
6.120
6.612
6.673
4.722
8.790
10.056
11.116
11.396
8.445
10.491
7.677
23.917
15.037
24.211
13.850
14.353
15.412
6.468
13.205
12.757
5.645
4.906
7.674
1.590
2.360
2.839
1.581
1.911
1.568
5.184
4.500
3.512
3.816
3.321
3.113
7.279
6.758
7.384
7.169
5.272
10.118
11.654
12.342
11.705
11.492
14.903
10.238
32.287
20.998
30.742
20.855
17.506
27.072
6.175
10.339
11.289
6.004
4.668
14.312
0.749
1.795
2.773
1.363
1.540
1.221
2.728
3.452
3.556
2.150
2.567
2.150
7.206
9.056
8.662
7.162
5.215
6.281
14.641
12.662
12.399
16.597
13.702
11.161
29.287
19.699
22.142
14.870
13.685
16.086
6.591
18.080
10.290
5.880
7.019
6.289
0.927
1.755
2.925
1.459
1.612
1.203
3.037
3.554
3.703
2.571
3.241
2.514
6.906
8.641
8.985
6.831
6.821
9.057
14.604
14.779
13.513
12.207
10.417
11.233
30.886
20.430
24.903
20.493
16.193
17.011
5.994
16.344
12.290
5.726
5.606
6.710
1.486
2.420
2.908
1.585
1.686
1.384
3.603
4.368
3.668
3.448
3.390
2.642
6.876
8.372
8.741
5.553
5.376
6.234
15.805
12.006
15.000
11.919
10.948
12.311
39.146
22.078
28.445
18.786
20.703
18.558
6.641
17.106
10.588
5.862
6.685
6.799
1.210
2.155
3.159
1.446
1.700
1.757
2.789
4.285
3.957
2.955
2.878
3.008
7.324
6.692
6.762
6.650
5.214
4.757
11.094
13.339
11.247
9.703
11.113
13.956
35.433
21.513
25.538
17.558
16.168
17.123
7.457
13.256
12.335
5.076
3.308
5.806
1.704
2.504
3.211
1.489
1.555
1.418
4.636
3.936
3.743
2.480
2.673
3.220
6.341
8.118
7.793
6.143
6.714
8.286
13.030
11.704
10.929
16.907
13.885
12.109
30.470
22.093
34.110
14.552
15.546
15.884
7.265
18.188
14.291
6.741
6.471
11.503
2.449
3.850
3.442
2.732
2.329
2.362
4.147
4.170
3.945
2.701
3.333
2.240
8.132
8.402
8.260
6.838
6.436
10.930
13.048
13.420
13.324
12.304
12.658
10.512
46.097
32.147
28.840
26.437
35.214
26.914
11.352
23.668
13.581
7.381
7.285
14.460
2.300
2.967
3.072
1.818
2.140
1.959
2.821
3.476
3.875
2.723
2.950
2.469
6.902
6.747
7.071
8.313
5.269
8.104
12.936
12.689
10.629
10.987
11.465
10.319
32.615
18.069
25.423
17.708
14.167
14.247
6.835
14.833
12.056
5.656
7.786
5.942
1.074
2.574
3.146
1.267
2.116
1.810
3.878
3.944
3.369
3.016
2.822
2.700
7.871
10.618
10.092
8.207
6.041
6.084
13.189
13.492
14.303
10.430
11.820
14.308
43.238
23.113
32.283
24.578
27.190
30.974
13.616
23.673
16.625
7.092
7.294
8.997
1.863
2.760
3.104
1.885
2.089
1.411
3.537
4.266
3.825
2.624
3.995
2.641
7.407
9.474
7.047
6.357
5.628
9.777
11.979
12.778
11.570
10.552
10.138
7.557
21.640
17.812
24.358
12.901
15.196
14.227
6.467
12.411
10.920
5.712
4.230
9.733
0.906
2.081
3.539
1.478
1.511
1.706
3.048
3.747
3.279
2.941
3.030
2.865
8.333
8.976
8.837
8.019
7.794
6.267
13.109
15.981
15.924
12.912
14.148
9.616
32.131
24.312
26.348
19.870
28.454
22.156
10.431
19.263
10.690
5.699
7.150
7.455
1.513
3.217
3.008
1.897
2.042
1.938
4.218
4.935
3.748
3.450
3.301
3.877
7.642
8.704
7.726
6.549
5.542
9.015
12.372
14.065
14.415
10.543
12.956
9.295
31.490
25.678
31.027
20.133
19.457
20.071
11.639
22.889
13.826
7.438
8.720
11.583
1.148
2.710
2.440
1.770
2.124
1.306
2.651
3.250
3.246
2.135
2.971
2.326
5.618
6.986
7.387
7.419
5.175
9.266
11.814
12.642
11.997
10.556
9.840
8.354
26.865
19.772
21.822
17.183
18.006
14.056
5.261
5.671
7.322
4.903
4.144
7.273
2.348
3.558
3.415
2.089
2.402
2.084
4.130
4.381
4.026
2.898
3.056
2.378
6.736
8.140
6.892
7.508
5.548
7.572
12.043
13.258
13.778
9.817
12.129
8.234
30.496
20.164
26.824
19.320
20.089
25.266
7.811
23.456
14.221
6.641
6.716
18.624
1.615
2.906
3.093
2.090
2.267
2.002
3.813
4.006
3.828
2.967
2.749
2.466
6.690
7.218
8.041
6.965
5.499
9.803
13.375
14.666
13.401
19.196
15.812
13.493
35.664
23.126
30.782
17.560
16.537
20.891
7.404
18.078
14.650
6.383
6.708
9.657
1.481
2.408
2.652
1.538
2.357
1.410
3.830
5.073
3.719
2.127
3.339
2.000
6.436
7.026
7.521
7.507
5.974
7.170
14.041
12.498
12.523
9.475
11.169
10.156
34.705
27.135
25.298
18.272
15.644
18.907
7.234
17.500
13.650
6.442
7.876
10.146
1.626
2.671
2.965
1.594
1.999
1.681
3.025
3.403
3.657
2.398
2.758
2.028
8.844
8.877
8.146
7.883
5.313
5.920
12.243
15.035
13.232
11.908
11.103
9.370
30.698
23.231
26.246
19.529
23.683
18.434
7.826
20.455
12.057
6.566
6.966
11.821
1.296
1.808
2.963
1.394
1.783
1.203
3.013
3.427
3.750
2.371
2.430
2.306
7.008
7.024
6.643
7.477
6.340
9.390
11.111
11.140
11.940
9.627
12.625
9.994
30.540
19.728
26.610
17.397
14.889
17.168
7.364
16.437
10.409
5.043
6.605
6.875
2.017
2.552
3.382
1.534
1.781
1.667
3.264
3.824
3.913
2.458
3.185
3.319
7.581
8.723
6.939
6.781
5.224
8.970
13.325
12.957
11.796
11.525
11.957
7.606
35.988
26.915
22.052
20.866
18.820
19.212
10.596
23.647
12.039
8.060
8.174
11.457
1.941
3.100
3.357
1.670
2.294
1.783
4.107
4.660
3.829
2.886
2.767
2.915
8.076
8.470
7.002
6.177
5.555
10.989
16.363
14.061
12.083
10.769
17.709
10.790
27.402
20.263
29.660
15.490
16.081
26.609
6.264
16.438
10.156
6.951
5.171
15.001
2.789
3.144
3.539
2.006
2.366
2.061
3.660
4.528
3.995
3.118
2.989
2.560
7.015
6.720
6.798
7.671
5.569
6.697
13.475
14.128
13.137
10.837
11.179
10.009
33.046
21.518
25.164
20.674
18.051
22.818
7.282
17.211
14.280
6.322
6.759
12.495
2.245
2.976
3.143
1.788
2.653
1.812
3.133
4.129
3.906
2.470
2.712
2.684
6.597
7.210
7.038
6.672
5.999
7.868
15.238
14.404
11.691
14.966
14.193
10.948
29.884
21.293
25.668
17.434
17.621
18.125
7.612
17.310
13.197
5.949
5.714
13.337
1.530
2.402
2.037
1.579
1.929
1.335
3.581
3.850
3.477
2.119
2.666
2.081
6.270
7.358
7.030
6.727
5.170
9.665
12.594
14.287
10.941
12.163
11.011
9.022
18.822
16.455
21.596
13.777
15.082
16.042
5.656
7.650
8.517
4.411
3.287
6.927
1.654
2.229
3.227
1.529
1.870
1.565
3.562
3.721
3.791
2.852
2.650
2.271
6.200
6.026
6.671
6.218
4.417
6.191
12.812
10.728
11.859
7.928
8.508
6.918
25.093
14.941
24.829
13.629
13.610
14.480
6.498
15.730
11.025
6.655
6.775
7.581
1.469
2.541
2.976
1.390
1.765
1.429
2.795
3.227
3.178
2.463
2.757
2.933
7.311
8.667
8.247
7.306
6.363
8.994
14.825
18.472
16.760
13.082
13.761
11.518
48.123
28.413
39.368
30.546
24.877
28.652
7.928
16.620
12.237
6.661
7.601
11.028
1.151
2.140
2.926
1.435
1.926
1.780
4.763
5.711
3.810
3.057
3.698
3.313
8.371
7.287
7.902
5.759
6.559
10.468
12.851
12.935
12.178
13.268
14.658
11.409
24.612
18.389
28.502
15.733
16.551
16.445
10.656
22.041
15.723
7.777
6.790
12.775
1.045
1.838
3.097
1.496
2.184
1.215
3.036
3.859
3.552
2.313
2.755
1.893
6.360
6.078
7.009
7.211
5.676
8.173
12.470
11.772
13.103
10.808
10.621
9.124
31.636
21.357
28.539
17.178
18.816
18.009
5.531
15.844
14.947
6.627
6.507
6.999
1.430
2.290
2.933
1.333
1.772
1.443
4.128
3.536
3.511
2.407
2.946
2.133
5.820
6.993
7.818
6.181
6.105
6.288
11.208
14.227
11.415
9.540
10.624
7.886
28.022
18.171
23.846
13.273
20.777
21.044
7.641
18.149
10.024
6.008
6.536
11.420
2.396
3.132
3.076
2.095
2.499
2.206
